%
Copyright (C) 1991-2010 Altera Corporation
Your use of Altera Corporation's design tools, logic functions 
and other software and tools, and its AMPP partner logic 
functions, and any output files from any of the foregoing 
(including device programming or simulation files), and any 
associated documentation or information are expressly subject 
to the terms and conditions of the Altera Program License 
Subscription Agreement, Altera MegaCore Function License 
Agreement, or other applicable license agreement, including, 
without limitation, that your use is for the sole purpose of 
programming logic devices manufactured by Altera and sold by 
Altera or its authorized distributors.  Please refer to the 
applicable agreement for further details.
%

GROUP CREATE x = x[15] x[14] x[13] x[12] x[11] x[10] x[9] x[8] x[7] x[6] x[5] x[4] x[3] x[2] x[1] x[0] ;
GROUP CREATE p = p[9] p[8] p[7] p[6] p[5] p[4] p[3] p[2] p[1] ;
GROUP CREATE y = y[13] y[12] y[11] y[10] y[9] y[8] y[7] y[6] y[5] y[4] y[3] y[2] y[1] y[0] ;
GROUP CREATE RG1out = RG1out[9] RG1out[8] RG1out[7] RG1out[6] RG1out[5] RG1out[4] RG1out[3] RG1out[2] RG1out[1] RG1out[0] ;
GROUP CREATE RG2out = RG2out[10] RG2out[9] RG2out[8] RG2out[7] RG2out[6] RG2out[5] RG2out[4] RG2out[3] RG2out[2] RG2out[1] RG2out[0] ;
GROUP CREATE Tout = Tout[7] Tout[6] Tout[5] Tout[4] Tout[3] Tout[2] Tout[1] ;
GROUP CREATE RG3out = RG3out[9] RG3out[8] RG3out[7] RG3out[6] RG3out[5] RG3out[4] RG3out[3] RG3out[2] RG3out[1] RG3out[0] ;
GROUP CREATE RG4out = RG4out[4] RG4out[3] RG4out[2] RG4out[1] RG4out[0] ;
GROUP CREATE CT1out = CT1out[4] CT1out[3] CT1out[2] CT1out[1] CT1out[0] ;
GROUP CREATE KC5out = KC5out[3] KC5out[2] KC5out[1] KC5out[0] ;
GROUP CREATE CT2out = CT2out[4] CT2out[3] CT2out[2] CT2out[1] CT2out[0] ;
GROUP CREATE result = result[15] result[14] result[13] result[12] result[11] result[10] result[9] result[8] result[7] result[6] result[5] result[4] result[3] result[2] result[1] result[0] ;
INPUTS clk x reset;
OUTPUTS p y RG1out RG2out Tout RG3out RG4out CT1out KC5out CT2out result Z PRS DEL;
UNIT ns;
RADIX HEX;
PATTERN
   0.0> 0 33F0 1 = 003 0000 000 000 00 000 00 00 0 00 0000 0 0 0 
   2.5> 0 33F0 0 = 003 0000 000 000 00 000 00 00 0 00 0000 0 0 0 
   5.0> 1 33F0 0 = 003 0281 000 000 00 000 00 00 0 00 0000 0 0 0 
  30.0> 0 33F0 0 = 002 0281 3F0 000 00 000 0C 00 0 05 0000 0 0 0 
  50.0> 0 0000 0 = 002 0281 3F0 000 00 000 0C 00 0 05 0000 0 0 0 
  55.0> 1 0000 0 = 002 2400 3F0 000 00 000 0C 00 0 05 0000 0 0 0 
  80.0> 0 0000 0 = 000 2400 3F0 3F0 00 000 0C 0C C 05 3000 0 0 0 
 100.0> 0 5A90 0 = 000 2400 3F0 3F0 00 000 0C 0C C 05 3000 0 0 0 
 105.0> 1 5A90 0 = 000 0001 3F0 3F0 00 000 0C 0C C 05 3000 0 0 0 
 130.0> 0 5A90 0 = 000 0001 290 3F0 00 000 16 0C C 05 3000 0 0 0 
 150.0> 0 0000 0 = 000 0001 290 3F0 00 000 16 0C C 05 3000 0 0 0 
 155.0> 1 0000 0 = 000 3000 290 3F0 00 000 16 0C C 05 3000 0 0 0 
 180.0> 0 0000 0 = 104 3000 290 3F0 00 000 16 12 D 05 7400 0 0 0 
 205.0> 1 0000 0 = 104 0002 290 3F0 00 000 16 12 D 05 7400 0 0 0 
 230.0> 0 0000 0 = 104 0002 290 3F0 40 000 16 12 D 05 7400 0 1 0 
 255.0> 1 0000 0 = 104 0281 290 3F0 40 000 16 12 D 05 7400 0 1 0 
 280.0> 0 0000 0 = 003 0281 000 000 00 000 00 00 0 05 0000 0 0 0 
 305.0> 1 0000 0 = 003 2400 000 000 00 000 00 00 0 05 0000 0 0 0 
 330.0> 0 0000 0 = 003 2400 000 000 00 000 00 00 0 05 0000 0 0 0 
 355.0> 1 0000 0 = 003 0001 000 000 00 000 00 00 0 05 0000 0 0 0 
 380.0> 0 0000 0 = 003 0001 000 000 00 000 00 00 0 05 0000 0 0 0 
 405.0> 1 0000 0 = 003 0004 000 000 00 000 00 00 0 05 0000 0 0 0 
 430.0> 0 0000 0 = 003 0004 000 000 20 000 00 00 0 05 0000 0 0 1 
 455.0> 1 0000 0 = 003 0281 000 000 20 000 00 00 0 05 0000 0 0 1 
 480.0> 0 0000 0 = 003 0281 000 000 00 000 00 00 0 05 0000 0 0 0 
 505.0> 1 0000 0 = 003 2400 000 000 00 000 00 00 0 05 0000 0 0 0 
 530.0> 0 0000 0 = 003 2400 000 000 00 000 00 00 0 05 0000 0 0 0 
 555.0> 1 0000 0 = 003 0001 000 000 00 000 00 00 0 05 0000 0 0 0 
 580.0> 0 0000 0 = 003 0001 000 000 00 000 00 00 0 05 0000 0 0 0 
 605.0> 1 0000 0 = 003 0004 000 000 00 000 00 00 0 05 0000 0 0 0 
 630.0> 0 0000 0 = 003 0004 000 000 20 000 00 00 0 05 0000 0 0 1 
 655.0> 1 0000 0 = 003 0281 000 000 20 000 00 00 0 05 0000 0 0 1 
 680.0> 0 0000 0 = 003 0281 000 000 00 000 00 00 0 05 0000 0 0 0 
 705.0> 1 0000 0 = 003 2400 000 000 00 000 00 00 0 05 0000 0 0 0 
 730.0> 0 0000 0 = 003 2400 000 000 00 000 00 00 0 05 0000 0 0 0 
 755.0> 1 0000 0 = 003 0001 000 000 00 000 00 00 0 05 0000 0 0 0 
 780.0> 0 0000 0 = 003 0001 000 000 00 000 00 00 0 05 0000 0 0 0 
 805.0> 1 0000 0 = 003 0004 000 000 00 000 00 00 0 05 0000 0 0 0 
 830.0> 0 0000 0 = 003 0004 000 000 20 000 00 00 0 05 0000 0 0 1 
 855.0> 1 0000 0 = 003 0281 000 000 20 000 00 00 0 05 0000 0 0 1 
 880.0> 0 0000 0 = 003 0281 000 000 00 000 00 00 0 05 0000 0 0 0 
 905.0> 1 0000 0 = 003 2400 000 000 00 000 00 00 0 05 0000 0 0 0 
 930.0> 0 0000 0 = 003 2400 000 000 00 000 00 00 0 05 0000 0 0 0 
 955.0> 1 0000 0 = 003 0001 000 000 00 000 00 00 0 05 0000 0 0 0 
 980.0> 0 0000 0 = 003 0001 000 000 00 000 00 00 0 05 0000 0 0 0 
1005.0> 1 0000 0 = 003 0004 000 000 00 000 00 00 0 05 0000 0 0 0 
1030.0> 0 0000 0 = 003 0004 000 000 20 000 00 00 0 05 0000 0 0 1 
1055.0> 1 0000 0 = 003 0281 000 000 20 000 00 00 0 05 0000 0 0 1 
1080.0> 0 0000 0 = 003 0281 000 000 00 000 00 00 0 05 0000 0 0 0 
1105.0> 1 0000 0 = 003 2400 000 000 00 000 00 00 0 05 0000 0 0 0 
1130.0> 0 0000 0 = 003 2400 000 000 00 000 00 00 0 05 0000 0 0 0 
1155.0> 1 0000 0 = 003 0001 000 000 00 000 00 00 0 05 0000 0 0 0 
1180.0> 0 0000 0 = 003 0001 000 000 00 000 00 00 0 05 0000 0 0 0 
1205.0> 1 0000 0 = 003 0004 000 000 00 000 00 00 0 05 0000 0 0 0 
1230.0> 0 0000 0 = 003 0004 000 000 20 000 00 00 0 05 0000 0 0 1 
1255.0> 1 0000 0 = 003 0281 000 000 20 000 00 00 0 05 0000 0 0 1 
1280.0> 0 0000 0 = 003 0281 000 000 00 000 00 00 0 05 0000 0 0 0 
1305.0> 1 0000 0 = 003 2400 000 000 00 000 00 00 0 05 0000 0 0 0 
1330.0> 0 0000 0 = 003 2400 000 000 00 000 00 00 0 05 0000 0 0 0 
1355.0> 1 0000 0 = 003 0001 000 000 00 000 00 00 0 05 0000 0 0 0 
1380.0> 0 0000 0 = 003 0001 000 000 00 000 00 00 0 05 0000 0 0 0 
1405.0> 1 0000 0 = 003 0004 000 000 00 000 00 00 0 05 0000 0 0 0 
1430.0> 0 0000 0 = 003 0004 000 000 20 000 00 00 0 05 0000 0 0 1 
1455.0> 1 0000 0 = 003 0281 000 000 20 000 00 00 0 05 0000 0 0 1 
1480.0> 0 0000 0 = 003 0281 000 000 00 000 00 00 0 05 0000 0 0 0 
1505.0> 1 0000 0 = 003 2400 000 000 00 000 00 00 0 05 0000 0 0 0 
1530.0> 0 0000 0 = 003 2400 000 000 00 000 00 00 0 05 0000 0 0 0 
1555.0> 1 0000 0 = 003 0001 000 000 00 000 00 00 0 05 0000 0 0 0 
1580.0> 0 0000 0 = 003 0001 000 000 00 000 00 00 0 05 0000 0 0 0 
1605.0> 1 0000 0 = 003 0004 000 000 00 000 00 00 0 05 0000 0 0 0 
1630.0> 0 0000 0 = 003 0004 000 000 20 000 00 00 0 05 0000 0 0 1 
1655.0> 1 0000 0 = 003 0281 000 000 20 000 00 00 0 05 0000 0 0 1 
1680.0> 0 0000 0 = 003 0281 000 000 00 000 00 00 0 05 0000 0 0 0 
1705.0> 1 0000 0 = 003 2400 000 000 00 000 00 00 0 05 0000 0 0 0 
1730.0> 0 0000 0 = 003 2400 000 000 00 000 00 00 0 05 0000 0 0 0 
1755.0> 1 0000 0 = 003 0001 000 000 00 000 00 00 0 05 0000 0 0 0 
1780.0> 0 0000 0 = 003 0001 000 000 00 000 00 00 0 05 0000 0 0 0 
1805.0> 1 0000 0 = 003 0004 000 000 00 000 00 00 0 05 0000 0 0 0 
1830.0> 0 0000 0 = 003 0004 000 000 20 000 00 00 0 05 0000 0 0 1 
1855.0> 1 0000 0 = 003 0281 000 000 20 000 00 00 0 05 0000 0 0 1 
1880.0> 0 0000 0 = 003 0281 000 000 00 000 00 00 0 05 0000 0 0 0 
1905.0> 1 0000 0 = 003 2400 000 000 00 000 00 00 0 05 0000 0 0 0 
1930.0> 0 0000 0 = 003 2400 000 000 00 000 00 00 0 05 0000 0 0 0 
1955.0> 1 0000 0 = 003 0001 000 000 00 000 00 00 0 05 0000 0 0 0 
1980.0> 0 0000 0 = 003 0001 000 000 00 000 00 00 0 05 0000 0 0 0 
2000.0> X X X = X X X X X X X X X X X X X X 
;
